11100000
10000001
11100001
00000100
11100001
10000110
00000000
00000000
00000000
00000000
00000000
00000000
00000000
00000000
00000000
00000000
00000101
01000000
00001101
01010001
00001100
11100010
00001101
01110010
00001100
11000011
00001101
01010011
00001100
11100100
00000101
11110100
00001100
11000101
00001100
11010110
00001100
01100111
00101111
10000010
00101110
00010000
10100001
10000000
10000010
10000000
00001101
01101000
00001101
01111001
01101110
00000011
00000000
00000000
00000000
00000000
11001110
11101001
